-40.0 329.583 
-39.0 308.875 
-38.0 289.592 
-37.0 271.629 
-36.0 254.888 
-35.0 239.277 
-34.0 224.716 
-33.0 211.126 
-32.0 198.439 
-31.0 186.587 
-30.0 175.513 
-29.0 165.160 
-28.0 155.478 
-27.0 146.419 
-26.0 137.940 
-25.0 130.000 
-24.0 122.500 
-23.0 115.600 
-22.0 109.100 
-21.0 102.900 
-20.0 99.030 
-19.0 93.390 
-18.0 88.110 
-17.0 83.170 
-16.0 78.530 
-15.0 74.180 
-14.0 70.100 
-13.0 66.260 
-12.0 62.670 
-11.0 59.280 
-10.0 56.100 
-9.0 53.120 
-8.0 50.300 
-7.0 47.660 
-6.0 45.170 
-5.0 42.820 
-4.0 40.610 
-3.0 38.530 
-2.0 36.560 
-1.0 34.710 
0.0 32.970 
1.0 31.320 
2.0 29.760 
3.0 28.290 
4.0 26.900 
5.0 25.590 
6.0 24.350 
7.0 23.170 
8.0 22.060 
9.0 21.010 
10.0 20.020 
11.0 19.070 
12.0 18.180 
13.0 17.330 
14.0 16.530 
15.0 15.770 
16.0 15.050 
17.0 14.370 
18.0 13.720 
19.0 13.100 
20.0 12.520 
21.0 11.960 
22.0 11.430 
23.0 10.930 
24.0 10.450 
25.0 10.000 
26.0 9.570 
27.0 9.160 
28.0 8.770 
29.0 8.400 
30.0 8.047 
31.0 7.710 
32.0 7.390 
33.0 7.085 
34.0 6.794 
35.0 6.517 
36.0 6.252 
37.0 6.000 
38.0 5.759 
39.0 5.530 
40.0 5.310 
41.0 5.101 
42.0 4.901 
43.0 4.710 
44.0 4.527 
45.0 4.353 
46.0 4.186 
47.0 4.027 
48.0 3.874 
49.0 3.728 
50.0 3.588 
51.0 3.454 
52.0 3.326 
53.0 3.204 
54.0 3.086 
55.0 2.974 
56.0 2.866 
57.0 2.762 
58.0 2.663 
59.0 2.568 
60.0 2.477 
61.0 2.390 
62.0 2.306 
63.0 2.225 
64.0 2.148 
65.0 2.074 
66.0 2.002 
67.0 1.934 
68.0 1.868 
69.0 1.805 
70.0 1.744 
