-40.0 329.583 4.77
-39.0 308.875 4.76
-38.0 289.592 4.75
-37.0 271.629 4.74
-36.0 254.888 4.73
-35.0 239.277 4.72
-34.0 224.716 4.71
-33.0 211.126 4.69
-32.0 198.439 4.68
-31.0 186.587 4.67
-30.0 175.513 4.65
-29.0 165.160 4.64
-28.0 155.478 4.62
-27.0 146.419 4.60
-26.0 137.940 4.59
-25.0 130.000 4.57
-24.0 122.500 4.55
-23.0 115.600 4.53
-22.0 109.100 4.51
-21.0 102.900 4.48
-20.0 99.030 4.47
-19.0 93.390 4.44
-18.0 88.110 4.42
-17.0 83.170 4.39
-16.0 78.530 4.36
-15.0 74.180 4.33
-14.0 70.100 4.30
-13.0 66.260 4.27
-12.0 62.670 4.24
-11.0 59.280 4.21
-10.0 56.100 4.18
-9.0 53.120 4.14
-8.0 50.300 4.11
-7.0 47.660 4.07
-6.0 45.170 4.03
-5.0 42.820 3.99
-4.0 40.610 3.95
-3.0 38.530 3.91
-2.0 36.560 3.87
-1.0 34.710 3.82
0.0 32.970 3.78
1.0 31.320 3.73
2.0 29.760 3.69
3.0 28.290 3.64
4.0 26.900 3.59
5.0 25.590 3.54
6.0 24.350 3.49
7.0 23.170 3.44
8.0 22.060 3.39
9.0 21.010 3.34
10.0 20.020 3.29
11.0 19.070 3.23
12.0 18.180 3.18
13.0 17.330 3.13
14.0 16.530 3.08
15.0 15.770 3.02
16.0 15.050 2.97
17.0 14.370 2.91
18.0 13.720 2.85
19.0 13.100 2.80
20.0 12.520 2.75
21.0 11.960 2.69
22.0 11.430 2.64
23.0 10.930 2.58
24.0 10.450 2.53
25.0 10.000 2.47
26.0 9.570 2.42
27.0 9.160 2.36
28.0 8.770 2.31
29.0 8.400 2.26
30.0 8.047 2.21
31.0 7.710 2.16
32.0 7.390 2.11
33.0 7.085 2.05
34.0 6.794 2.00
35.0 6.517 1.96
36.0 6.252 1.91
37.0 6.000 1.86
38.0 5.759 1.81
39.0 5.530 1.77
40.0 5.310 1.72
41.0 5.101 1.68
42.0 4.901 1.63
43.0 4.710 1.59
44.0 4.527 1.55
45.0 4.353 1.51
46.0 4.186 1.47
47.0 4.027 1.43
48.0 3.874 1.39
49.0 3.728 1.35
50.0 3.588 1.32
51.0 3.454 1.28
52.0 3.326 1.25
53.0 3.204 1.21
54.0 3.086 1.18
55.0 2.974 1.15
56.0 2.866 1.11
57.0 2.762 1.08
58.0 2.663 1.05
59.0 2.568 1.03
60.0 2.477 1.00
61.0 2.390 0.97
62.0 2.306 0.94
63.0 2.225 0.92
64.0 2.148 0.89
65.0 2.074 0.86
66.0 2.002 0.84
67.0 1.934 0.82
68.0 1.868 0.79
69.0 1.805 0.77
70.0 1.744 0.75
